----------------------------------------------------------------------
State of RF after executing cycle:0
0
00000000000000000000000000000101
0
0
0
0
0
0
0
0
0
0
0
0
0
0
0
0
0
0
0
0
0
0
0
0
0
0
0
0
0
0
----------------------------------------------------------------------
State of RF after executing cycle:1
0
00000000000000000000000000000101
00000000000000000000000000000011
0
0
0
0
0
0
0
0
0
0
0
0
0
0
0
0
0
0
0
0
0
0
0
0
0
0
0
0
0
----------------------------------------------------------------------
State of RF after executing cycle:2
0
00000000000000000000000000000101
00000000000000000000000000000011
8
0
0
0
0
0
0
0
0
0
0
0
0
0
0
0
0
0
0
0
0
0
0
0
0
0
0
0
0
----------------------------------------------------------------------
State of RF after executing cycle:3
0
00000000000000000000000000000101
00000000000000000000000000000011
8
2
0
0
0
0
0
0
0
0
0
0
0
0
0
0
0
0
0
0
0
0
0
0
0
0
0
0
0
----------------------------------------------------------------------
State of RF after executing cycle:4
0
00000000000000000000000000000101
00000000000000000000000000000011
8
2
0
0
0
0
0
0
0
0
0
0
0
0
0
0
0
0
0
0
0
0
0
0
0
0
0
0
0
----------------------------------------------------------------------
State of RF after executing cycle:5
0
00000000000000000000000000000101
00000000000000000000000000000011
8
2
0
0
0
0
0
0
0
0
0
0
0
0
0
0
0
0
0
0
0
0
0
0
0
0
0
0
0
----------------------------------------------------------------------
State of RF after executing cycle:6
0
00000000000000000000000000000101
00000000000000000000000000000011
8
2
1
0
0
0
0
0
0
0
0
0
0
0
0
0
0
0
0
0
0
0
0
0
0
0
0
0
0
----------------------------------------------------------------------
State of RF after executing cycle:7
0
00000000000000000000000000000101
00000000000000000000000000000011
8
2
1
7
0
0
0
0
0
0
0
0
0
0
0
0
0
0
0
0
0
0
0
0
0
0
0
0
0
----------------------------------------------------------------------
State of RF after executing cycle:8
0
00000000000000000000000000000101
00000000000000000000000000000011
8
2
1
7
6
0
0
0
0
0
0
0
0
0
0
0
0
0
0
0
0
0
0
0
0
0
0
0
0
----------------------------------------------------------------------
State of RF after executing cycle:9
0
00000000000000000000000000000101
11111111111111111111111111111101
8
2
1
7
6
0
0
0
0
0
0
0
0
0
0
0
0
0
0
0
0
0
0
0
0
0
0
0
0
----------------------------------------------------------------------
State of RF after executing cycle:10
0
00000000000000000000000000000101
11111111111111111111111111111101
8
2
1
7
6
2
0
0
0
0
0
0
0
0
0
0
0
0
0
0
0
0
0
0
0
0
0
0
0
----------------------------------------------------------------------
State of RF after executing cycle:11
0
00000000000000000000000000000101
11111111111111111111111111111101
8
2
1
7
6
2
8
0
0
0
0
0
0
0
0
0
0
0
0
0
0
0
0
0
0
0
0
0
0
----------------------------------------------------------------------
State of RF after executing cycle:12
0
00000000000000000000000000000101
11111111111111111111111111111101
8
2
1
7
6
2
8
5
0
0
0
0
0
0
0
0
0
0
0
0
0
0
0
0
0
0
0
0
0
----------------------------------------------------------------------
State of RF after executing cycle:13
0
00000000000000000000000000000101
11111111111111111111111111111101
8
2
1
7
6
2
8
5
-3
0
0
0
0
0
0
0
0
0
0
0
0
0
0
0
0
0
0
0
0
----------------------------------------------------------------------
State of RF after executing cycle:14
0
00000000000000000000000000000101
11111111111111111111111111111101
8
2
1
7
6
2
8
5
-3
-8
0
0
0
0
0
0
0
0
0
0
0
0
0
0
0
0
0
0
0
----------------------------------------------------------------------
State of RF after executing cycle:15
0
11111111111111111111111111111011
11111111111111111111111111111101
8
2
1
7
6
2
8
5
-3
-8
0
0
0
0
0
0
0
0
0
0
0
0
0
0
0
0
0
0
0
----------------------------------------------------------------------
State of RF after executing cycle:16
0
11111111111111111111111111111011
00000000000000000000000000000010
8
2
1
7
6
2
8
5
-3
-8
0
0
0
0
0
0
0
0
0
0
0
0
0
0
0
0
0
0
0
----------------------------------------------------------------------
State of RF after executing cycle:17
0
11111111111111111111111111111011
00000000000000000000000000000010
8
2
1
7
6
2
8
5
-3
-8
-3
0
0
0
0
0
0
0
0
0
0
0
0
0
0
0
0
0
0
----------------------------------------------------------------------
State of RF after executing cycle:18
0
11111111111111111111111111111011
00000000000000000000000000000010
8
2
1
7
6
2
8
5
-3
-8
-3
-7
0
0
0
0
0
0
0
0
0
0
0
0
0
0
0
0
0
----------------------------------------------------------------------
State of RF after executing cycle:19
0
11111111111111111111111111111011
00000000000000000000000000000010
8
2
1
7
6
2
8
5
-3
-8
-3
-7
2
0
0
0
0
0
0
0
0
0
0
0
0
0
0
0
0
----------------------------------------------------------------------
State of RF after executing cycle:20
0
11111111111111111111111111111011
00000000000000000000000000000010
8
2
1
7
6
2
8
5
-3
-8
-3
-7
2
-5
0
0
0
0
0
0
0
0
0
0
0
0
0
0
0
----------------------------------------------------------------------
State of RF after executing cycle:21
0
11111111111111111111111111111011
00000000000000000000000000000010
8
2
1
7
6
2
8
5
-3
-8
-3
-7
2
-5
-7
0
0
0
0
0
0
0
0
0
0
0
0
0
0
----------------------------------------------------------------------
State of RF after executing cycle:22
0
11111111111111111111111111111011
00000000000000000000000000000010
8
2
1
7
6
2
8
5
-3
-8
-3
-7
2
-5
-7
2049
0
0
0
0
0
0
0
0
0
0
0
0
0
----------------------------------------------------------------------
State of RF after executing cycle:23
0
11111111111111111111111111111011
00000000000000000000000000000010
8
2
1
7
6
2
8
5
-3
-8
-3
-7
2
-5
-7
2049
2
0
0
0
0
0
0
0
0
0
0
0
0
----------------------------------------------------------------------
State of RF after executing cycle:24
0
11111111111111111111111111111011
00000000000000000000000000000010
8
2
1
7
6
2
8
5
-3
-8
-3
-7
2
-5
-7
2049
2
2047
0
0
0
0
0
0
0
0
0
0
0
----------------------------------------------------------------------
State of RF after executing cycle:25
0
11111111111111111111111111111011
00000000000000000000000000000010
8
2
1
7
6
2
8
5
-3
-8
-3
-7
2
-5
-7
2049
2
2047
2045
0
0
0
0
0
0
0
0
0
0
----------------------------------------------------------------------
State of RF after executing cycle:26
0
11111111111111111111111111111011
00000000000000000000000000000010
8
2
1
7
6
2
8
5
-3
-8
-3
-7
2
-5
-7
2049
2
2047
2045
2042
0
0
0
0
0
0
0
0
0
----------------------------------------------------------------------
State of RF after executing cycle:27
0
11111111111111111111111111111011
00000000000000000000000000000010
8
2
1
7
6
2
8
5
-3
-8
-3
-7
2
-5
-7
2049
2
2047
2045
2042
2043
0
0
0
0
0
0
0
0
----------------------------------------------------------------------
State of RF after executing cycle:28
0
11111111111111111111111111111011
00000000000000000000000000000010
8
2
1
7
6
2
8
5
-3
-8
-3
-7
2
-5
-7
2049
2
2047
2045
2042
2043
-1
0
0
0
0
0
0
0
----------------------------------------------------------------------
State of RF after executing cycle:29
0
11111111111111111111111111111011
00000000000000000000000000000010
8
2
1
7
6
2
8
5
-3
-8
-3
-7
2
-5
-7
2049
2
2047
2045
2042
2043
-1
-2044
0
0
0
0
0
0
----------------------------------------------------------------------
State of RF after executing cycle:30
0
11111111111111111111111111111011
00000000000000000000000000000010
8
2
1
7
6
2
8
5
-3
-8
-3
-7
2
-5
-7
2049
2
2047
2045
2042
2043
-1
-2044
1
0
0
0
0
0
----------------------------------------------------------------------
State of RF after executing cycle:31
0
11111111111111111111111111111011
00000000000000000000000000000010
8
2
1
7
6
2
8
5
-3
-8
-3
-7
2
-5
-7
2049
2
2047
2045
2042
2043
-1
-2044
1
2
0
0
0
0
----------------------------------------------------------------------
State of RF after executing cycle:32
0
11111111111111111111111111111011
00000000000000000000000000000010
8
2
1
7
6
2
8
5
-3
-8
-3
-7
2
-5
-7
2049
2
2047
2045
2042
2043
-1
-2044
1
2
-1
0
0
0
----------------------------------------------------------------------
State of RF after executing cycle:33
0
11111111111111111111111111111011
00000000000000000000000000000010
8
2
1
7
6
2
8
5
-3
-8
-3
-7
2
-5
-7
2049
2
2047
2045
2042
2043
-1
-2044
1
2
-1
-3
0
0
----------------------------------------------------------------------
State of RF after executing cycle:34
0
11111111111111111111111111111011
00000000000000000000000000000010
8
2
1
7
6
2
8
5
-3
-8
-3
-7
2
-5
-7
2049
2
2047
2045
2042
2043
-1
-2044
1
2
-1
-3
-6
0
----------------------------------------------------------------------
State of RF after executing cycle:35
0
11111111111111111111111111111011
00000000000000000000000000000010
8
2
1
7
6
2
8
5
-3
-8
-3
-7
2
-5
-7
2049
2
2047
2045
2042
2043
-1
-2044
1
2
-1
-3
-6
-5
----------------------------------------------------------------------
State of RF after executing cycle:36
0
11111111111111111111111111111011
00000000000000000000000000000010
8
2
1
7
6
2
8
5
-3
-8
-3
-7
2
-5
-7
2049
2
2047
2045
2042
2043
-1
-2044
1
2
-1
-3
-6
-1
----------------------------------------------------------------------
State of RF after executing cycle:37
4
11111111111111111111111111111011
00000000000000000000000000000010
8
2
1
7
6
2
8
5
-3
-8
-3
-7
2
-5
-7
2049
2
2047
2045
2042
2043
-1
-2044
1
2
-1
-3
-6
-1
----------------------------------------------------------------------
State of RF after executing cycle:38
4
11111111111111111111111111111011
00000000000000000000000000000010
8
2
1
7
6
2
8
5
-3
-8
-3
-7
2
-5
-7
2049
2
2047
2045
2042
2043
-1
-2044
1
2
-1
-3
-6
-1
